170
22
35
17
293
282
68
153
102
118
207
11
208
178
72
6
236
296
285
32
128
290
197
34
36
298
141
181
171
182
157
109
297
199
147
121
275
82
93
97
136
54
202
227
276
278
163
133
116
40
122
281
299
110
180
203
184
94
123
262
23
126
117
49
169
230
114
90
55
52
146
177
216
249
264
87
73
38
19
224
252
67
63
127
144
99
195
130
214
47
145
9
58
172
235
258
239
186
266
158
137
263
198
204
113
56
270
64
18
242
260
211
273
80
205
61
65
13
271
192
21
283
185
183
200
152
62
256
240
176
78
295
77
46
28
237
213
57
269
31
26
155
